CACHE type 5 produced by analog 6.0/Unix. Do not modify or delete!
T	0	0	1925	274	0	265	128755518
D	24879588	25114896
17277	141	1	1	3414
17277	156	2	2	6828
17277	157	2	2	6828
17277	160	1	1	3414
17277	166	1	1	3414
17277	235	1	1	3414
17277	241	1	1	3414
17278	143	1	1	3414
17278	144	1	1	3414
17279	138	5	5	37083
17279	139	56	3	4617894
17279	140	27	1	0
17279	199	27	1	0
17279	201	6	0	333115
17279	202	7	1	23194
17279	203	8	2	23197
17279	204	10	4	23194
17279	205	12	6	23200
17279	206	31	1	3883723
17279	232	31	1	4240038
17280	186	2	1	24411
17281	98	33	1	4243516
17281	235	2	1	24411
17282	103	2	1	24411
17283	110	2	1	24411
17288	259	31	1	4240038
17290	164	2	1	24411
17291	129	32	1	4071195
17291	234	2	1	24411
17296	172	4	2	48822
17297	194	2	1	24411
17298	184	32	1	4255124
17299	145	2	1	24411
17302	253	2	1	24411
17303	265	2	1	24411
17304	200	32	1	4255124
17305	185	2	1	24411
17306	135	2	1	24411
17307	190	2	1	24411
17308	167	32	1	4255124
17308	195	2	1	24411
17309	117	31	1	4240038
17310	105	2	1	24411
17311	120	2	1	24411
17312	138	2	1	24411
17313	137	2	1	24411
17316	161	2	1	24411
17316	225	33	2	4278324
17317	138	31	1	4240038
17317	241	2	1	24411
17318	248	2	1	24411
17319	128	2	1	24411
17320	141	2	1	24411
17322	216	2	1	24411
17322	237	31	1	4240038
17323	224	2	1	24411
17324	261	2	1	24411
17325	112	32	1	4255124
17325	113	4	2	30172
17326	124	2	1	24411
17326	156	32	1	4255124
17326	160	3	1	63480
17326	161	14	6	113703
17327	197	2	1	24398
17329	185	2	1	24398
17330	168	2	1	24398
17332	178	66	4	48796
17332	186	4	2	53639
17332	188	10	5	121905
17332	196	5	3	53585
17332	197	3	2	38517
17332	198	4	2	30172
17333	107	2	1	24642
17334	215	2	1	24642
17339	154	2	1	24642
17343	230	2	1	24642
17344	157	2	1	24642
17345	123	2	1	24642
17352	160	41	3	4140279
17352	178	36	1	3735611
17352	179	36	2	3434976
17352	181	34	1	41179
17352	186	36	2	91473
17352	187	38	3	91457
17352	200	36	1	1104671
17353	154	34	1	0
17353	195	35	1	4790116
17353	218	36	2	3769015
17354	125	2	1	58374
17354	126	35	1	1079475
17361	215	2	1	58374
17362	141	35	1	0
17362	218	2	1	58374
17365	155	2	1	58374
17366	174	4	2	116748
17367	249	2	1	58374
17373	163	2	1	58374
17374	122	2	1	58374
17374	125	35	1	25196
17374	164	1	0	25196
17376	212	2	1	58374
17377	134	2	1	58374
17378	218	2	1	58374
17379	246	2	1	58374
17381	128	2	1	58374
17382	147	2	1	58374
17386	152	2	1	58374
17386	154	34	1	3710641
17389	117	2	1	58374
17389	218	37	2	50392
17389	219	2	0	1197948
17390	183	2	1	58374
17392	159	2	1	58374
17393	231	2	1	58374
17395	165	2	1	58374
17400	263	2	1	58374
17401	219	2	1	58374
17402	145	2	1	58374
17403	171	4	2	116748
17405	159	2	1	58374
17406	176	4	2	116748
17408	19	1	1	33178
17413	258	34	1	3710641
17428	139	35	1	3735837
17428	140	1	0	2
17436	119	35	1	3735837
17436	125	3	1	111847
17436	127	5	2	152698
17436	128	9	5	235781
17436	129	2	1	59334
17436	131	2	1	59357
17436	132	2	1	59475
17436	133	4	2	119155
17436	134	6	3	144554
17436	135	4	2	84884
17436	155	3	1	57301
17436	156	2	1	57301
17436	157	7	3	197104
17436	158	4	2	82497
17436	159	6	3	139805
17436	160	6	3	75588
17436	161	7	3	896344
17436	162	7	4	139798
17436	163	4	2	114605
17436	164	8	4	165000
17436	165	27	2	2103757
17436	166	2	1	39966
17436	167	7	3	131074
17436	169	9	3	174018
17436	170	14	6	282431
17436	171	9	4	231974
17436	172	9	4	199160
17436	173	8	3	174382
17436	174	9	4	232943
17436	175	7	3	174712
17436	192	3	1	0
17436	193	6	3	174709
17436	194	4	2	117307
17436	195	3	1	121516
17436	196	3	2	25196
17436	197	2	2	0
17436	198	2	1	0
17436	199	24	1	704418
17436	217	23	1	2103659
17436	238	2	1	0
17436	239	1	0	0
17436	272	46	2	4207318
17436	273	1	1	33452
17437	100	24	1	2128855
17437	105	4	1	121579
17437	107	2	1	58648
17438	136	2	1	58648
17438	156	24	1	2128855
17439	226	25	2	2162307
17440	153	23	1	2103659
17440	259	2	1	58648
1	22	0	0	6	24987680	0	24882759	24882765	0	24882452	101374	/vendors/css/normalize.css
1	1	0	0	1	24987680	0	24882453	24987680	0	24882453	11845	/resources/favicons/android-chrome-192x192.png
1	1	0	0	1	24987680	0	24882453	24987680	0	24882453	14874	/resources/favicons/favicon-194x194.png
1	31	0	0	0	25114366	0	0	24987770	0	0	815985	/css/main.css
1	21	0	0	1	24987680	0	24882452	24882456	0	24882452	35252	/resources/css/queries.css
1	36	36	0	0	25108436	0	0	24898423	0	0	929354	/?41.177.140.50
1	6	0	0	0	24987680	0	0	24950241	0	0	50392	/resources/img/lpshahim.png
1	22	0	0	6	24987680	0	24882759	24882765	0	24882452	888524	/vendors/css/animate.css
1	21	0	0	1	24987680	0	24882452	24882456	0	24882452	4385856	/resources/img/8.jpg
1	10	0	0	0	25114366	0	0	25108476	0	0	348080	/fonts/lora/lora-bold-webfont.woff
1	21	0	0	1	24987680	0	24882452	24882456	0	24882452	1823424	/resources/img/san-francisco.jpg
1	17	0	0	0	25108436	0	0	24987770	0	0	521968	/images/portfolio/modals/m-beetle.jpg
1	21	0	0	1	24987680	0	24882452	24882456	0	24882452	197648	/resources/img/download-app.svg
1	1	0	0	0	24885133	0	0	24885133	0	0	2267	/resources/favicons/apple-touch-icon-57x57.png
1	21	0	0	1	24987680	0	24882452	24882456	0	24882452	2386096	/resources/img/4.jpg
1	21	0	0	1	24987680	0	24882452	24882456	0	24882452	137232	/resources/img/customer-3.jpg
1	17	0	0	0	25108436	0	0	24987770	0	0	1432448	/images/portfolio/modals/m-salad.jpg
1	17	0	0	0	25108436	0	0	24987770	0	0	1587600	/images/portfolio/modals/m-shutterbug.jpg
1	17	0	0	0	25108436	0	0	24987770	0	0	1344456	/images/portfolio/modals/m-lighthouse.jpg
1	4	0	0	0	24882759	0	0	24882456	0	0	797783	/resources/css/img/hero-min.jpg
1	46	0	0	0	25114366	0	0	24987770	0	0	145867	/js/main.js
1	26	0	0	0	25114366	0	0	24987770	0	0	262272	/fonts/poppins/poppins-bold-webfont.woff2
1	26	0	0	0	25114366	0	0	24987770	0	0	280432	/fonts/poppins/poppins-medium-webfont.woff2
1	17	0	0	0	25108436	0	0	24987770	0	0	1539352	/images/portfolio/liberty.jpg
1	21	0	0	1	24987680	0	24882452	24882456	0	24882452	12649872	/resources/img/app-iPhone.png
1	5	0	0	0	25041256	0	0	24987883	0	0	4436373	/CV.pdf
1	21	0	0	1	24987680	0	24882452	24882456	0	24882452	6129344	/resources/img/berlin.jpg
1	26	0	0	0	25114366	0	0	24987770	0	0	199393	/css/micons/micons.css
1	0	0	0	16	0	0	25109806	0	0	24879588	0	/favicon.ico
1	1	0	0	1	24987680	0	24882453	24987680	0	24882453	5466	/resources/favicons/favicon-96x96.png
1	26	0	0	0	25114366	0	0	24987770	0	0	1047232	/css/font-awesome/fonts/fontawesome-webfont.woff?v=4.2.0
1	22	0	0	6	24987680	0	24882759	24882765	0	24882452	666692	/vendors/css/ionicons.min.css
1	4	0	0	1	24882759	0	24882452	24882456	0	24882452	34545	/resources/img/logo.png
1	28	0	0	0	25114366	0	0	24987770	0	0	186726	/js/pace.min.js
1	29	0	0	1	24987680	0	24882453	24899687	0	24882453	437494	/resources/favicons/favicon.ico
1	21	0	0	0	24987680	0	0	24882456	0	0	6196928	/resources/css/img/back-customers-min.jpg
1	1	0	0	0	25108646	0	0	25108646	0	0	724370	/images/skills_bubbles.png
1	1	0	0	0	25002370	0	0	25002370	0	0	25196	/lpshahim.png?41.160.245.232
1	22	0	0	6	24987680	0	24882759	24882765	0	24882452	109070	/vendors/css/grid.css
1	21	0	0	1	24987680	0	24882452	24882456	0	24882452	2379408	/resources/img/london.jpg
1	5	0	0	0	25109806	0	0	25108469	0	0	539601	/LP_Final_Resume.pdf
1	21	0	0	1	24987680	0	24882452	24882456	0	24882452	2411184	/resources/img/lisbon-3.jpg
1	21	0	0	1	24987680	0	24882452	24882456	0	24882452	3179424	/resources/img/7.jpg
1	123	0	0	0	25114896	0	0	24987770	0	0	3073912	/lpshahim.png
1	21	0	0	1	24987680	0	24882452	24882456	0	24882452	2871232	/resources/img/3.jpg
1	26	0	0	0	25114366	0	0	24987770	0	0	1264800	/js/jquery-2.1.3.min.js
1	21	0	0	1	24987680	0	24882452	24882456	0	24882452	170864	/resources/img/customer-2.jpg
1	17	0	0	0	25108436	0	0	24987770	0	0	489496	/images/portfolio/beetle.jpg
1	26	0	0	0	25114366	0	0	24987770	0	0	351744	/css/font-awesome/css/font-awesome.min.css
1	4	0	0	2	24882759	0	24882453	24882456	0	24882452	65907	/resources/js/gmaps.js
1	26	0	0	0	25114366	0	0	24987770	0	0	116415	/js/modernizr.js
1	26	0	0	0	25114366	0	0	24987770	0	0	1248684	/css/micons/fonts/icomoon.ttf?jo2z5t
1	22	0	0	7	24987680	0	24882759	24882765	0	24882452	114231	/vendors/js/jquery.waypoints.min.js
1	26	0	0	0	25114366	0	0	24987770	0	0	207015	/css/vendor.css
1	0	0	0	26	0	0	24950241	0	0	24882786	0	/resources/img/logo-black.png
1	26	0	0	0	25114366	0	0	24987770	0	0	281588	/fonts/poppins/poppins-semibold-webfont.woff2
1	26	0	0	0	25114366	0	0	24987770	0	0	175185	/css/base.css
1	0	0	0	2	0	0	24987815	0	0	24987814	0	/www.facebook.com/lp.shahim
1	26	0	0	0	25114366	0	0	24987770	0	0	556032	/fonts/lora/lora-regular-webfont.woff
1	17	0	0	0	25108436	0	0	24987770	0	0	767432	/images/portfolio/modals/m-clouds.jpg
1	22	0	0	1	24987680	0	24882452	24882456	0	24882452	3107495	/resources/img/6.jpg
1	26	0	0	0	25114366	0	0	24987770	0	0	80848	/css/fonts.css
1	0	0	0	8	0	0	25108677	0	0	24987779	0	/css/main.css.map
1	201	201	0	1	25114366	0	24879665	24879588	0	24879665	3709455	/
1	22	0	0	0	24987680	0	0	24882765	0	0	2827620	/vendors/fonts/ionicons.ttf?v=2.0.0
1	21	0	0	1	24987680	0	24882452	24882456	0	24882452	3226352	/resources/img/2.jpg
1	0	0	0	8	0	0	25108677	0	0	24987779	0	/css/base.css.map
1	26	0	0	0	25114366	0	0	24987770	0	0	5461454	/images/profile-pic.jpg
1	21	0	0	1	24987680	0	24882452	24882456	0	24882452	164656	/resources/img/customer-1.jpg
1	17	0	0	0	24987680	0	0	24882790	0	0	2817105	/resources/css/img/lp-hero.jpg
1	21	0	0	1	24987680	0	24882452	24882456	0	24882452	170991	/resources/css/style.css
1	1	1	0	0	24880056	0	0	24880056	0	0	3414	/?66.249.93.64
1	3	0	0	0	25108618	0	0	24987771	0	0	6	/inc/sendEmail.php
1	5	5	0	0	24888072	0	0	24882452	0	0	73014	/?143.160.107.117
1	18	0	0	1	24950221	0	24882452	24882456	0	24882452	479490	/resources/img/logo-white.png
1	0	0	0	5	0	0	25113293	0	0	25108501	0	/css/grabbing.png
1	17	0	0	0	25108436	0	0	24987770	0	0	954184	/images/portfolio/modals/m-liberty.jpg
1	21	0	0	1	24987680	0	24882452	24882456	0	24882452	153824	/resources/img/download-app-android.png
1	26	0	0	0	25114366	0	0	24987770	0	0	1685730	/js/plugins.js
1	17	0	0	0	25108436	0	0	24987770	0	0	1269848	/images/portfolio/shutterbug.jpg
1	26	0	0	0	25114366	0	0	24987770	0	0	15153184	/images/bg.jpg
1	17	0	0	0	25108436	0	0	24987770	0	0	1386832	/images/portfolio/lighthouse.jpg
1	26	0	0	0	25114366	0	0	24987770	0	0	3004912	/images/lp-hero.jpg
1	0	0	0	2	0	0	24882778	0	0	24882778	0	/resources/img/lp-hero.png
1	1	0	0	1	24987680	0	24882453	24987680	0	24882453	571	/resources/favicons/favicon-16x16.png
1	21	0	0	1	24987680	0	24882452	24882456	0	24882452	2975952	/resources/img/5.jpg
1	0	0	0	8	0	0	25108677	0	0	24987779	0	/css/vendor.css.map
1	0	0	0	122	0	0	25114366	0	0	24987770	0	/images/logo.png
1	21	0	0	2	24987680	0	24882453	24882456	0	24882452	35736	/resources/js/script.js
1	21	0	0	1	24987680	0	24882452	24882456	0	24882452	3818608	/resources/img/1.jpg
1	1	1	0	0	24896019	0	0	24896019	0	0	23200	/?66.249.93.26
1	30	30	0	0	25114896	0	0	24923031	0	0	843353	/?41.160.245.232
1	17	0	0	0	25108436	0	0	24987770	0	0	1404376	/images/portfolio/salad.jpg
1	26	0	0	0	25114366	0	0	24987770	0	0	282404	/fonts/poppins/poppins-regular-webfont.woff2
1	17	0	0	0	25108436	0	0	24987770	0	0	434384	/images/portfolio/clouds.jpg
1	0	0	0	4	0	0	24987682	0	0	24987680	0	/resources/css/compass/CSS3
1	44	0	0	1	24987682	0	24882453	24884130	0	24882453	53284	/resources/favicons/favicon-32x32.png
3	1	0	0	2	25041256	0	25041256	25041256	0	24990391	118473	http://lpshahim.co.za/CV.pdf
3	36	0	0	0	24987680	0	0	24882456	0	0	8086471	http://lpshahim.co.za/resources/css/style.css
3	1251	1	0	64	25114366	0	25108839	24882456	0	24879663	89544840	http://lpshahim.co.za/
3	0	0	0	5	0	0	25113293	0	0	25108501	0	http://lpshahim.co.za/css/vendor.css
3	6	0	0	0	25111503	0	0	25111503	0	0	135624	http://www.lpshahim.co.za/css/fonts.css
3	0	0	0	38	0	0	24882453	0	0	24882452	0	http://lpshahim.co.za/index.html
3	100	0	0	0	25114366	0	0	24987770	0	0	1182200	http://lpshahim.co.za/css/fonts.css
3	2	2	0	0	25113292	0	0	24885133	0	0	56652	http://hotspots.wasp-sa.co.za/login
3	2	0	0	1	25111503	0	25111503	25111503	0	25111503	1134881	http://www.lpshahim.co.za/css/main.css
3	0	0	0	1	0	0	24987814	0	0	24987814	0	http://lpshahim.co.za/www.facebook.com/lp.shahim
3	3	3	0	0	25036612	0	0	24937172	0	0	89556	http://www.google.com/search
3	1	0	0	0	25111503	0	0	25111503	0	0	73452	http://www.lpshahim.co.za/css/micons/micons.css
3	19	0	0	0	24987680	0	0	24882765	0	0	2262096	http://lpshahim.co.za/vendors/css/ionicons.min.css
3	19	0	0	0	25114366	0	0	24987770	0	0	734520	http://lpshahim.co.za/css/micons/micons.css
3	1	0	0	0	25111503	0	0	25111503	0	0	65452	http://www.lpshahim.co.za/css/font-awesome/css/font-awesome.min.css
3	0	0	0	4	0	0	25109806	0	0	25108469	0	http://lpshahim.co.za/LP_Final_Resume.pdf
3	38	0	0	113	25114366	0	25114366	24987770	0	24987770	11348810	http://lpshahim.co.za/css/main.css
3	81	0	0	5	25111503	0	25109209	25108927	0	25108927	6896615	http://www.lpshahim.co.za/
3	19	0	0	0	25114366	0	0	24987770	0	0	654520	http://lpshahim.co.za/css/font-awesome/css/font-awesome.min.css
4	35	1	0	1	24989298	0	24989297	24989297	0	24989297	4790116	Mozilla/5.0 (iPhone; CPU iPhone OS 11_0 like Mac OS X) AppleWebKit/602.1.50 (KHTML, like Gecko) GSA/29.0.159059490 Mobile/15A5304i Safari/602.1
4	14	1	0	7	25108665	0	25108665	25108665	0	25108665	1410690	Mozilla/5.0 (Linux; Android 6.0; Nexus 5 Build/MRA58N) AppleWebKit/537.36 (KHTML, like Gecko) Chrome/60.0.3112.113 Mobile Safari/537.36
4	62	2	0	3	24896019	0	24896019	24882923	0	24882923	8480076	Mozilla/5.0 (iPhone; CPU iPhone OS 10_3_1 like Mac OS X) AppleWebKit/603.1.30 (KHTML, like Gecko) Version/10.0 Mobile/14E304 Safari/602.1
4	24	1	0	2	25109784	0	25109784	25109784	0	25109784	2128855	Mozilla/5.0 (Windows NT 6.1; Win64; x64) AppleWebKit/537.36 (KHTML, like Gecko) Chrome/61.0.3163.100 Safari/537.36
4	154	78	0	3	25114896	0	24882452	24879588	0	24879588	3057811	Mozilla/5.0 (X11; Linux x86_64) AppleWebKit/537.36 (KHTML, like Gecko) Chrome/49.0.2623.75 Safari/537.36 Google Favicon
4	226	30	0	76	24899687	0	24899687	24879663	0	24879663	13052865	Mozilla/5.0 (Macintosh; Intel Mac OS X 10_12_4) AppleWebKit/537.36 (KHTML, like Gecko) Chrome/57.0.2987.133 Safari/537.36
4	24	1	0	1	25108839	0	25108839	25108838	0	25108839	704418	Mozilla/5.0 (iPhone; CPU iPhone OS 11_0 like Mac OS X) AppleWebKit/604.1.34 (KHTML, like Gecko) GSA/35.0.167640935 Mobile/15A372 Safari/604.1
4	394	16	0	24	25019186	0	25019186	24987680	0	24987680	13685517	Mozilla/5.0 (Macintosh; Intel Mac OS X 10_12_5) AppleWebKit/537.36 (KHTML, like Gecko) Chrome/59.0.3071.115 Safari/537.36
4	39	2	0	3	25041256	0	25041256	25041253	0	25041253	1248340	Mozilla/5.0 (Macintosh; Intel Mac OS X 10_12_6) AppleWebKit/537.36 (KHTML, like Gecko) Chrome/60.0.3112.90 Safari/537.36
4	50	3	0	6	25114366	0	25114366	25109806	0	25109806	4328897	Mozilla/5.0 (Macintosh; Intel Mac OS X 10_12_6) AppleWebKit/537.36 (KHTML, like Gecko) Chrome/61.0.3163.100 Safari/537.36
4	34	1	0	1	25076011	0	25076011	25076011	0	25076011	3710641	Mozilla/5.0 (iPhone; CPU iPhone OS 11_0 like Mac OS X) AppleWebKit/602.1.50 (KHTML, like Gecko) GSA/34.1.167176684 Mobile/15A5370a Safari/602.1
4	36	1	0	1	25097020	0	25097019	25097018	0	25097019	3735839	Mozilla/5.0 (Windows NT 6.1; Win64; x64) AppleWebKit/537.36 (KHTML, like Gecko) Chrome/60.0.3112.113 Safari/537.36
4	32	1	0	1	24910043	0	24910043	24910043	0	24910043	4255124	Mozilla/5.0 (Windows NT 6.1; WOW64) AppleWebKit/537.36 (KHTML, like Gecko) Chrome/57.0.2987.133 Safari/537.36
4	1	1	0	0	25067619	0	0	25067619	0	0	33178	Mozilla/5.0 (compatible; MSIE 10.0; Windows NT 6.1; WOW64; Trident/7.0)
4	1	1	0	2	24879680	0	24879680	24879680	0	24879680	3414	Mozilla/5.0 (X11; Fedora; Linux x86_64; rv:52.0) Gecko/20100101 Firefox/52.0
4	23	1	0	1	25109201	0	25109201	25109201	0	25109201	2103659	Mozilla/5.0 (iPhone; CPU iPhone OS 11_0 like Mac OS X) AppleWebKit/604.1.38 (KHTML, like Gecko) Version/11.0 Mobile/15A372 Safari/604.1
4	13	1	0	0	25108665	0	0	25108665	0	0	693067	Mozilla/5.0 (Linux; Android 6.0.1; Nexus 5 Build/MRA58N) AppleWebKit/537.36(KHTML, like Gecko) Chrome/59.0.3033.0 Mobile Safari/537.36
4	127	5	0	6	24944865	0	24944865	24918760	0	24918760	17013524	Mozilla/5.0 (Macintosh; Intel Mac OS X 10_12_4) AppleWebKit/537.36 (KHTML, like Gecko) Chrome/58.0.3029.110 Safari/537.36
4	223	88	0	110	25108833	0	25108833	25108436	0	25108436	8767653	Mozilla/5.0 (Macintosh; Intel Mac OS X 10_12_6) AppleWebKit/537.36 (KHTML, like Gecko) Chrome/60.0.3112.113 Safari/537.36
4	50	4	0	4	25109209	0	25109209	25108927	0	25108927	4240770	Mozilla/5.0 (iPhone; CPU iPhone OS 10_3_3 like Mac OS X) AppleWebKit/603.3.8 (KHTML, like Gecko) Version/10.0 Mobile/14G60 Safari/602.1
4	99	3	0	3	25036612	0	25036612	24937172	0	24937172	11661320	Mozilla/5.0 (X11; Linux x86_64) AppleWebKit/537.36 (KHTML, like Gecko; Google Web Preview) Chrome/41.0.2272.118 Safari/537.36
4	68	4	0	4	24948566	0	24948566	24924356	0	24924356	8540420	Mozilla/5.0 (Windows NT 6.1; Win64; x64) AppleWebKit/537.36 (KHTML, like Gecko) Chrome/58.0.3029.110 Safari/537.36
4	35	3	0	3	24885133	0	24885133	24880056	0	24880056	4250344	Mozilla/5.0 (iPhone; CPU iPhone OS 10_3_1 like Mac OS X) AppleWebKit/602.1.50 (KHTML, like Gecko) CriOS/57.0.2987.137 Mobile/14E304 Safari/602.1
4	24	1	0	1	25111503	0	25111503	25111503	0	25111503	2128855	Mozilla/5.0 (Linux; Android 6.0.1; SM-G920F Build/MMB29K) AppleWebKit/537.36 (KHTML, like Gecko) Chrome/60.0.3112.107 Mobile Safari/537.36
4	137	24	0	2	24959070	0	24950241	24950221	0	24950221	4730125	Mozilla/5.0 (Macintosh; Intel Mac OS X 10_12_5) AppleWebKit/537.36 (KHTML, like Gecko) Chrome/58.0.3029.110 Safari/537.36
5	4	2	0	0	24907100	0	0	24907100	0	0	48822	66.249.93.150
5	24	2	0	1	25036612	0	25036612	24989411	0	25036612	2852425	66.249.81.126
5	31	1	0	2	24882923	0	24882930	24882923	0	24882923	4240038	41.13.124.39
5	5	5	0	2	24879712	0	24879665	24879663	0	24879663	17070	41.160.245.226
5	160	7	0	8	25109784	0	25109784	24910043	0	24910043	18660238	143.160.125.18
5	10	0	0	1	25111503	0	25111503	25111503	0	25111503	487494	66.249.93.49
5	35	1	0	2	25108436	0	25108447	25108436	0	25108436	3735837	143.160.106.158
5	8	0	0	0	25111503	0	0	25111503	0	0	230928	66.249.93.47
5	6	1	0	0	25111503	0	0	25111503	0	0	1410433	66.249.93.45
5	1	1	0	1	24881040	0	24881040	24881040	0	24881040	3414	143.160.107.117
5	47	2	0	2	25109201	0	25109201	25108838	0	25108839	2808077	41.13.20.113
5	1	0	0	0	24926929	0	0	24926929	0	0	1211	66.249.93.35
5	3	1	0	1	25109035	0	25109035	25109034	0	25109035	0	41.177.140.131
5	1	1	0	2	24879680	0	24879680	24879680	0	24879680	3414	165.255.252.112
5	324	14	0	22	24990391	0	24990391	24987680	0	24987680	13660321	143.160.105.71
5	35	1	0	1	25001985	0	25001985	25001985	0	25001985	0	41.177.140.210
5	8	4	0	0	25017939	0	0	25007910	0	0	233496	66.249.93.28
5	9	5	0	0	25019382	0	0	24911288	0	0	178792	66.249.93.27
5	6	2	0	0	24920125	0	0	24888072	0	0	51244	66.249.93.26
5	31	1	0	1	24925546	0	24925545	24925545	0	24925545	4240038	196.252.252.148
5	31	1	0	1	24896019	0	24896019	24896019	0	24896019	4240038	41.177.140.50
5	43	18	0	0	25111404	0	0	24879588	0	0	2691807	66.249.93.94
5	35	1	0	1	25019186	0	25019186	25019186	0	25019186	25196	143.160.107.241
5	32	1	0	1	24899687	0	24899687	24899687	0	24899687	4071195	143.160.105.238
5	21	0	0	0	25036612	0	0	24989411	0	0	1455913	66.249.81.99
5	4	1	0	3	25109806	0	25109820	25109806	0	25109806	121579	196.252.253.36
5	23	0	0	1	25036612	0	24989411	24989411	0	24989411	3112944	66.249.81.96
5	297	76	0	102	25114366	0	25114366	25041253	0	25041253	15274787	41.160.57.55
5	1	1	0	0	25067619	0	0	25067619	0	0	33178	52.24.238.251
5	23	1	0	1	25108927	0	25108927	25108927	0	25108927	2103659	41.177.140.25
5	35	1	0	1	24989298	0	24989297	24989297	0	24989297	4790116	41.13.64.49
5	51	21	0	2	25113293	0	24882452	24884130	0	24881037	1441524	66.249.93.67
5	24	2	0	2	25109209	0	25109209	25109203	0	25109203	2137111	199.172.210.191
5	49	8	0	2	24950249	0	24950241	24950221	0	24950221	4432307	143.160.105.5
5	223	26	0	75	24885133	0	24885133	24880056	0	24880056	13211530	41.160.245.235
5	62	26	0	2	25114896	0	24937172	24881037	0	24879588	2627753	66.249.93.64
5	152	19	0	3	24959070	0	24944865	24936166	0	24936166	8816180	41.160.245.233
5	1	1	0	0	24926929	0	0	24926929	0	0	23200	66.249.93.62
5	37	18	0	20	25108516	0	25108516	25108468	0	25108468	1027085	196.252.253.147
5	32	1	0	2	24918760	0	24918761	24918760	0	24918760	4255124	41.160.245.232
z	0	596	72	25109806	0
z	1	5	0	25108665	8
z	3	2	0	24987680	721
z	4	212	15	25114366	1143356
z	5	717	187	25114896	21756592
z	6	389	0	25114366	101536941
z	7	4	0	25041256	4317900
c	200	1325	25114896
c	206	5	25108665
c	304	595	25109806
c	404	265	25114366
